Изначальная матрица:
0	1	0	0	2	0	0	0	1	0	14	
0	12	2	0	0	0	1	0	0	0	16	
0	2	14	1	0	0	0	0	2	0	20	
0	0	1	11	1	1	0	0	0	0	14	
0	0	0	1	13	0	0	1	0	0	17	
0	0	0	1	0	15	1	0	0	0	19	
0	1	0	0	0	1	16	1	0	0	19	
0	0	0	0	1	0	1	14	0	0	17	
0	0	2	0	0	0	0	0	12	0	16	
0	0	1	0	0	2	0	1	1	0	18	

Рабочая матрица:
0	1	0	0	2	0	0	0	1	0	14	
0	12	2	0	0	0	1	0	0	0	16	
0	2	14	1	0	0	0	0	2	0	20	
0	0	1	11	1	1	0	0	0	0	14	
0	0	0	1	13	0	0	1	0	0	17	
0	0	0	1	0	15	1	0	0	0	19	
0	1	0	0	0	1	16	1	0	0	19	
0	0	0	0	1	0	1	14	0	0	17	
0	0	2	0	0	0	0	0	12	0	16	
0	0	1	0	0	2	0	1	1	0	18	

Матрица на шаге номер 0:
0	1	0	0	2	0	0	0	1	0	14	
0	12	2	0	0	0	1	0	0	0	16	
0	2	14	1	0	0	0	0	2	0	20	
0	0	1	11	1	1	0	0	0	0	14	
0	0	0	1	13	0	0	1	0	0	17	
0	0	0	1	0	15	1	0	0	0	19	
0	1	0	0	0	1	16	1	0	0	19	
0	0	0	0	1	0	1	14	0	0	17	
0	0	2	0	0	0	0	0	12	0	16	
0	0	1	0	0	2	0	1	1	0	18	

Матрица на шаге номер 1:
0	1	0	0	2	0	0	0	1	0	14	
0	12	2	0	0	0	1	0	0	0	16	
0	0	13.6667	1	0	0	-0.166667	0	2	0	17.3333	
0	0	1	11	1	1	0	0	0	0	14	
0	0	0	1	13	0	0	1	0	0	17	
0	0	0	1	0	15	1	0	0	0	19	
0	0	-0.166667	0	0	1	15.9167	1	0	0	17.6667	
0	0	0	0	1	0	1	14	0	0	17	
0	0	2	0	0	0	0	0	12	0	16	
0	0	1	0	0	2	0	1	1	0	18	

Матрица на шаге номер 2:
0	1	0	0	2	0	0	0	1	0	14	
0	12	2	0	0	0	1	0	0	0	16	
0	0	13.6667	1	0	0	-0.166667	0	2	0	17.3333	
0	0	0	10.9268	1	1	0.0121951	0	-0.146341	0	12.7317	
0	0	0	1	13	0	0	1	0	0	17	
0	0	0	1	0	15	1	0	0	0	19	
0	0	0	0.0121951	0	1	15.9146	1	0.0243902	0	17.878	
0	0	0	0	1	0	1	14	0	0	17	
0	0	0	-0.146341	0	0	0.0243902	0	11.7073	0	13.4634	
0	0	0	-0.0731707	0	2	0.0121951	1	0.853659	0	16.7317	

Матрица на шаге номер 3:
0	1	0	0	2	0	0	0	1	0	14	
0	12	2	0	0	0	1	0	0	0	16	
0	0	13.6667	1	0	0	-0.166667	0	2	0	17.3333	
0	0	0	10.9268	1	1	0.0121951	0	-0.146341	0	12.7317	
0	0	0	0	12.9085	-0.0915179	-0.00111607	1	0.0133929	0	15.8348	
0	0	0	0	-0.0915179	14.9085	0.998884	0	0.0133929	0	17.8348	
0	0	0	0	-0.00111607	0.998884	15.9146	1	0.0245536	0	17.8638	
0	0	0	0	1	0	1	14	0	0	17	
0	0	0	0	0.0133929	0.0133929	0.0245536	0	11.7054	0	13.6339	
0	0	0	0	0.00669643	2.0067	0.0122768	1	0.852679	0	16.817	

Матрица на шаге номер 4:
0	1	0	0	2	0	0	0	1	0	14	
0	12	2	0	0	0	1	0	0	0	16	
0	0	13.6667	1	0	0	-0.166667	0	2	0	17.3333	
0	0	0	10.9268	1	1	0.0121951	0	-0.146341	0	12.7317	
0	0	0	0	12.9085	-0.0915179	-0.00111607	1	0.0133929	0	15.8348	
0	0	0	0	0	14.9078	0.998876	0.00708975	0.0134878	0	17.9471	
0	0	0	0	0	0.998876	15.9146	1.00009	0.0245547	0	17.8652	
0	0	0	0	0	0.00708975	1.00009	13.9225	-0.00103752	0	15.7733	
0	0	0	0	0	0.0134878	0.0245547	-0.00103752	11.7053	0	13.6175	
0	0	0	0	0	2.00674	0.0122774	0.999481	0.852672	0	16.8087	

Матрица на шаге номер 5:
0	1	0	0	2	0	0	0	1	0	14	
0	12	2	0	0	0	1	0	0	0	16	
0	0	13.6667	1	0	0	-0.166667	0	2	0	17.3333	
0	0	0	10.9268	1	1	0.0121951	0	-0.146341	0	12.7317	
0	0	0	0	12.9085	-0.0915179	-0.00111607	1	0.0133929	0	15.8348	
0	0	0	0	0	14.9078	0.998876	0.00708975	0.0134878	0	17.9471	
0	0	0	0	0	0	15.8477	0.999611	0.023651	0	16.6627	
0	0	0	0	0	0	0.999611	13.9225	-0.00104394	0	15.7648	
0	0	0	0	0	0	0.023651	-0.00104394	11.7053	0	13.6013	
0	0	0	0	0	0	-0.122181	0.998527	0.850856	0	14.3929	

Матрица на шаге номер 6:
0	1	0	0	2	0	0	0	1	0	14	
0	12	2	0	0	0	1	0	0	0	16	
0	0	13.6667	1	0	0	-0.166667	0	2	0	17.3333	
0	0	0	10.9268	1	1	0.0121951	0	-0.146341	0	12.7317	
0	0	0	0	12.9085	-0.0915179	-0.00111607	1	0.0133929	0	15.8348	
0	0	0	0	0	14.9078	0.998876	0.00708975	0.0134878	0	17.9471	
0	0	0	0	0	0	15.8477	0.999611	0.023651	0	16.6627	
0	0	0	0	0	0	0	13.8595	-0.00253575	0	14.7137	
0	0	0	0	0	0	0	-0.00253575	11.7053	0	13.5764	
0	0	0	0	0	0	0	1.00623	0.851038	0	14.5214	

Матрица на шаге номер 7:
0	1	0	0	2	0	0	0	1	0	14	
0	12	2	0	0	0	1	0	0	0	16	
0	0	13.6667	1	0	0	-0.166667	0	2	0	17.3333	
0	0	0	10.9268	1	1	0.0121951	0	-0.146341	0	12.7317	
0	0	0	0	12.9085	-0.0915179	-0.00111607	1	0.0133929	0	15.8348	
0	0	0	0	0	14.9078	0.998876	0.00708975	0.0134878	0	17.9471	
0	0	0	0	0	0	15.8477	0.999611	0.023651	0	16.6627	
0	0	0	0	0	0	0	13.8595	-0.00253575	0	14.7137	
0	0	0	0	0	0	0	0	11.7053	0	13.5791	
0	0	0	0	0	0	0	0	0.851222	0	13.4531	

Матрица на шаге номер 8:
0	1	0	0	2	0	0	0	1	0	14	
0	12	2	0	0	0	1	0	0	0	16	
0	0	13.6667	1	0	0	-0.166667	0	2	0	17.3333	
0	0	0	10.9268	1	1	0.0121951	0	-0.146341	0	12.7317	
0	0	0	0	12.9085	-0.0915179	-0.00111607	1	0.0133929	0	15.8348	
0	0	0	0	0	14.9078	0.998876	0.00708975	0.0134878	0	17.9471	
0	0	0	0	0	0	15.8477	0.999611	0.023651	0	16.6627	
0	0	0	0	0	0	0	13.8595	-0.00253575	0	14.7137	
0	0	0	0	0	0	0	0	11.7053	0	13.5791	
0	0	0	0	0	0	0	0	0	0	12.4656	

Кол-во пустых столбцов: 1
Корни уравнения в порядке возрастания номера:
-nan -nan -nan -nan -nan -nan -nan -nan -nan inf 

Проверка:
Начальная матрица:
0	1	0	0	2	0	0	0	1	0	14	
0	12	2	0	0	0	1	0	0	0	16	
0	2	14	1	0	0	0	0	2	0	20	
0	0	1	11	1	1	0	0	0	0	14	
0	0	0	1	13	0	0	1	0	0	17	
0	0	0	1	0	15	1	0	0	0	19	
0	1	0	0	0	1	16	1	0	0	19	
0	0	0	0	1	0	1	14	0	0	17	
0	0	2	0	0	0	0	0	12	0	16	
0	0	1	0	0	2	0	1	1	0	18	

Вектор B посчитанный с помощью найденых X:
-nan
-nan
-nan
-nan
-nan
-nan
-nan
-nan
-nan
-nan
